0 0.633862405680859 0.5059358272717029 0.22030181425328504 0.2902175821814767
0 0.7479708304288188 0.4769144805423204 0.20579091630845794 0.27438788841127737
0 0.5415203278501413 0.4914253784871477 0.12795973642256692 0.27438788841127737
0 0.49073218504324617 0.48878703340627 0.13191725404388344 0.2559194728451337
0 0.46830625185578406 0.4742757007902121 0.09498042291159567 0.25064156560393325
0 0.1332364265843222 0.40567916335862336 0.0817886975072077 0.16357739501441537
0 0.15566235977178222 0.40765806705969176 0.042213521294042614 0.16489627777403357
0 0.17940746549968112 0.4109560273888707 0.03957517621316494 0.1688537374391858
0 0.1958971222551667 0.41953076481405155 0.03297931351097087 0.18600332820187565
0 0.217003882902188 0.426126453647753 0.038256003672726156 0.18600263272790646
0 0.23745105727898955 0.4294243994878913 0.03957517621316491 0.19259875623283937
0 0.2631749218175468 0.42744535089641283 0.051447729077114444 0.2044714250091172
0 0.42411397175108506 0.4742763383080171 0.054086074157992235 0.245366092521623
0 0.38717714061879777 0.46702068648902917 0.05144772907711463 0.2598769904664502
0 0.3482615506758508 0.45646692945045175 0.03957517621316487 0.22821569037263706
0 0.3159418234351007 0.4538289610846408 0.046171038915359154 0.2334935396576735
