0 0.5638594162220053 0.43962409337792635 0.07158857499474494 0.1060890930645018
0 0.6518357372998852 0.4409178628055419 0.0698635490912576 0.10350155420927008
0 0.6406230689272142 0.43272398976397497 0.07503862680172088 0.10436406716101415
0 0.473726812764766 0.43746781099856635 0.08970134698136734 0.11557673553368493
0 0.457339066681632 0.4383303239503107 0.029325440359293756 0.11385170963019768
0 0.4280136263223387 0.4366052980468227 0.03450051806975744 0.11212668372670924
0 0.3952381341560695 0.4361740415709506 0.06210093252556225 0.11298919667845336
0 0.3473686653342821 0.4314302203363594 0.09401391174008751 0.10695160601624573
0 0.10910788839560569 0.41116116597037666 0.040538108731964194 0.09746396354706269
0 0.15783987016913686 0.41072990949450555 0.05175077710463509 0.09142637288485439
0 0.1819902328179667 0.4159049872049681 0.044850673490683717 0.09660145059531879
0 0.2979982248275237 0.428842681481127 0.025012875600573702 0.11212668372670934
0 0.2777291704615416 0.4258238861500233 0.029325440359293253 0.10608909306450194
0 0.25961639847491935 0.42323634729479154 0.020700310841854055 0.10091401535403839
0 0.23977860058480924 0.4236676037706635 0.02070031084185402 0.10177652830578239
0 0.22382211097754678 0.41978629548781593 0.023287849697085826 0.10608909306450187
