0 0.6738298175693551 0.4478179664194931 0.06727601023602574 0.09832647649880663
0 0.6367417606443666 0.4460929405160053 0.056925854815098514 0.09315139878834316
0 0.6082788332368173 0.4430741451849016 0.058650880718586366 0.09746396354706277
0 0.5836972141121157 0.4370365545226942 0.04053810873196419 0.10091401535403832
0 0.5642906726978775 0.43574278509507836 0.03795056987673242 0.10177652830578232
0 0.5461779007112553 0.428411425005255 0.03450051806975672 0.10091401535403847
0 0.5276338722487611 0.42496137319827937 0.035363031021500645 0.0991889894505507
0 0.5086585873103948 0.4193550390119439 0.030187953311037248 0.09487642469183115
0 0.484939481137437 0.41374870482560844 0.027600414455805335 0.09056385993311139
0 0.4689829915301745 0.4133174483497365 0.031912979214524954 0.08970134698136739
0 0.45432027135052794 0.4085736271151449 0.02846292740754933 0.09401391174008708
0 0.43922629469500934 0.40555483178404117 0.036225543973244644 0.0983264764988067
0 0.42068226623251515 0.4003797540735776 0.025012875600573636 0.08452626927090393
0 0.39911944243891717 0.39563593283898624 0.05433831595986689 0.08538878222264792
0 0.3292558933476599 0.3852857774180589 0.02156282379359762 0.0819387304156722
0 0.36979400207962393 0.3921858810320104 0.026737901504061478 0.08366375631916007
0 0.3559937948517213 0.38830457274916286 0.028462927407549254 0.08280124336741615
0 0.3396060487685868 0.38399200799044325 0.021562823793597943 0.08625129517439184
0 0.6897863071766176 0.41461121777735227 0.07503862680172109 0.08366375631916005
