0 0.6143414477042616 0.37442755376876896 0.07175643174555181 0.0839423768004269
0 0.5872635727103338 0.3707036771916163 0.04738608689312485 0.08326412411220517
0 0.5652628895099544 0.36664201260077706 0.03587803721908024 0.0846180123091515
0 0.5510470634420169 0.3652881244038306 0.03181637262824104 0.0832641241122051
0 0.5446160945065214 0.36190340391146447 0.040616645908392784 0.09138745329388363
0 0.6569345265713252 0.3525562870788816 0.054642773283939544 0.06992746511161503
0 0.4289707701670667 0.3331535553979134 0.029455397573387075 0.06244544285558057
0 0.4210178128222522 0.3313862315435102 0.02533164191311286 0.06480187466145146
0 0.4142430713803732 0.3325644474464457 0.027098965767516105 0.06715830646732236
0 0.40570100608409093 0.33374266334938113 0.02415342601017734 0.07187117007906427
0 0.5244062583048407 0.359074305262494 0.023564318058709618 0.08129689730254817
0 0.5149805310813568 0.35406688767501815 0.03299004528219349 0.07952957344814504
0 0.4875870113381069 0.3528886717720826 0.015905914689629055 0.07599492573933851
0 0.5005473862703972 0.3531832257478165 0.018262346495499883 0.08129689730254816
0 0.45518607400738115 0.3464084843059375 0.013549482883758089 0.07246027803053202
0 0.4722702045999456 0.3490594700875424 0.014727698786693395 0.08247511320548369
