0 0.39743279836178147 0.41217763748400477 0.1274285260035974 0.15383263499533417
0 0.3624186538292613 0.40471560668199286 0.12168850230974187 0.14579660182393628
0 0.6224417271609284 0.3834775190147278 0.04936420376715965 0.133168549697454
0 0.6494198385220495 0.37716349295148643 0.022960094775423115 0.12742852600359825
0 0.5736515257631543 0.38405152138411336 0.0229600947754232 0.13661256391376747
0 0.5581534617897436 0.3874955356004268 0.021812090036651882 0.14120458286885207
0 0.5409333907081763 0.38519952612288455 0.024108099514194237 0.15038862077902135
0 0.5237133196266089 0.38921754270858355 0.024108099514194237 0.14464859708516553
0 0.5105112651307407 0.39151355218612566 0.02525610425296547 0.15612864447287703
0 0.49960522011241404 0.389791545077969 0.030996127946821158 0.1457966018239365
0 0.4743491158594492 0.3978275782493672 0.037884156379448086 0.16186866816673282
0 0.6700839238199313 0.3742934811045586 0.02296009477542313 0.12857653074236938
