0 0.10025706940874034 0.5269922879177378 0.10796915167095116 0.2159383033419023
0 0.14781480000887803 0.5154242774645897 0.10025706940874031 0.22364993384344078
0 0.20437010660403335 0.5089972598956605 0.06426735218508996 0.2210790138757016
0 0.38817480719794345 0.47943456024093917 0.056555269922879174 0.1928020565552699
0 0.3444728610229771 0.48714641662281394 0.06683804627249358 0.18766066838046278
0 0.31105394790355917 0.4897173930606376 0.06683804627249355 0.19280205655527
0 0.2622107602428908 0.5038563234815254 0.07197943444730076 0.2210796915167095
0 0.42544957808708533 0.4768638096834516 0.0437017994858612 0.18766066838046272
0 0.45886860122333206 0.47300776855234616 0.04370179948586113 0.17480719794344465
0 0.4897170586251424 0.4588689228365843 0.053984465818646764 0.15681171816069592
0 0.530848182359738 0.46015401576490816 0.053984575835475536 0.16452442159383032
0 0.5552694461395856 0.45115720762991957 0.04627249357326476 0.14652956298200515
0 0.5899738896640866 0.45244249820353744 0.05398457583547568 0.15938303341902313
0 0.6208217053010614 0.4408737254042549 0.048843261005221 0.14138958655929804
0 0.6465312865789913 0.43701223491004404 0.0334178496234058 0.14395886889460136
0 0.6722363938392121 0.4383035113125656 0.03341902313624672 0.15167095115681234
0 0.6889459054073356 0.43444741371137624 0.03598971722365036 0.154241645244216
0 0.7146528829536478 0.4318769455043086 0.030848329048843225 0.1542416452442159
0 0.7403598971722366 0.422879177377892 0.030848329048843225 0.13624678663239073
