0 0.8053691275167785 0.7718120805369114 0.3892617449664428 0.38926174496644295
0 0.7751677852348994 0.6644295302013417 0.3288590604026844 0.2684563758389268
0 0.13982102908277405 0.5447427293064877 0.21252796420581654 0.40044742729306493
0 0.45525727069351235 0.6912751677852349 0.24832214765100666 0.36689038031319904
0 0.44407158836689037 0.4809843400447427 0.25727069351230425 0.06263982102908272
0 0.4205816554809843 0.4395973154362416 0.2192393736017897 0.055928411633109645
0 0.4049217002237137 0.40044742729306493 0.2102908277404922 0.04474272930648773
0 0.743847874720358 0.5100671140939598 0.2304250559284116 0.05816554809843403
0 0.66331096196868 0.4507829977628635 0.15436241610738258 0.04697986577181212
0 0.5995525727069351 0.40268456375838924 0.1610738255033558 0.04474272930648759
0 0.5604026845637584 0.3680089485458613 0.1543624161073825 0.03803131991051451
0 0.5246085011185682 0.3344519015659955 0.1543624161073825 0.03803131991051455
0 0.3680089485458613 0.36577181208053694 0.15436241610738255 0.05592841163310961
0 0.35123042505592844 0.33109619686800895 0.14765100671140932 0.031319910514541395
0 0.33333333333333326 0.2975391498881432 0.13422818791946306 0.03579418344519016
0 0.13982102908277405 0.3243847874720358 0.19910514541387023 0.0447427293064877
0 0.1465324384787472 0.2852348993288591 0.18568232662192394 0.04697986577181208
