0 0.8724832214765101 0.5514541387024608 0.19686800894854584 0.2527964205816555
0 0.6588366890380314 0.46868008948545864 0.15436241610738258 0.16778523489932887
0 0.6118568232662193 0.45861297539149887 0.14541387024608504 0.15659955257270688
0 0.5111856823266219 0.4988814317673378 0.1991051454138703 0.20134228187919453
0 0.40044742729306493 0.49888143176733785 0.04474272930648773 0.2147651006711409
0 0.3534675615212528 0.4955257270693512 0.040268456375838965 0.21700223713646538
0 0.3076062639821029 0.49440715883668906 0.05145413870246081 0.20581655480984337
0 0.26733780760626397 0.47762863534675615 0.055928411633109645 0.19463087248322147
0 0.24161073825503357 0.48210290827740493 0.04921700223713646 0.203579418344519
0 0.19239373601789708 0.46979865771812085 0.05369127516778523 0.19686800894854592
0 0.16107382550335572 0.46868008948545864 0.04026845637583893 0.18120805369127516
0 0.12639821029082773 0.46420581655480986 0.04697986577181208 0.19463087248322153
0 0.09395973154362418 0.45749440715883666 0.04921700223713646 0.185682326621924
0 0.05704697986577181 0.4463087248322148 0.042505592841163314 0.19463087248322147
0 0.5492170022371364 0.4530201342281879 0.1185682326621923 0.19463087248322147
