0 0.7139900672313325 0.4895818569956518 0.10557051577739535 0.16946845953739792
0 0.6785683810165487 0.4777746282573905 0.10695960151130862 0.16530120233565873
0 0.6535648378061129 0.46527285665217255 0.1041814300434823 0.1541885164643539
0 0.611892265788719 0.456243799381738 0.07362154389739411 0.15835577366609233
0 0.5271580360200211 0.40901488442869216 0.07084337242956819 0.12501771605217887
0 0.5028490356765417 0.39373494135564807 0.07778880109913346 0.10834868724522168
0 0.4810030028949343 0.3836511795851215 0.07599492573933837 0.09425727223483832
0 0.4630352103751683 0.3721635745315005 0.08129689730254817 0.08895530067162874
0 0.4433000940009987 0.36303240128375036 0.06656919851585409 0.08365332910841902
0 0.5207080215630429 0.613848783206993 0.14579660182393678 0.22500892879914647
0 0.44780972065107433 0.6109787713600652 0.0045920189550846405 0.005740023693855818
0 0.4937299102019198 0.5845746623683284 0.13776056865253866 0.20090082928495293
0 0.4759358367509673 0.5541525367908922 0.14350059234639423 0.1813847487258444
0 0.4538890148746559 0.5500257512011474 0.12075181324414849 0.1940654141423817
0 0.4336199605086739 0.5297566968351655 0.11988930029240458 0.18975284938366202
0 0.41938849680489926 0.511643924848543 0.12420186505112425 0.18112771986622284
0 0.39782567301130123 0.4922373834343049 0.11385170963019718 0.15783987016913698
0 0.37971290102467903 0.48361225391686574 0.10177652830578232 0.17164007739703968
0 0.36720646322439215 0.46636199488198743 0.10263904125752632 0.15956489607262475
0 0.35771882075520905 0.44911173584710906 0.1095391448714777 0.1388645852307709
0 0.34089981819620263 0.4357427850950783 0.08970134698136753 0.1311019686650755
0 0.21928549200031025 0.2507337569460085 0.041400621683708116 0.06641349728428174
