0 0.6172751252747868 0.42905056218105686 0.08035850304941214 0.1281667263826067
0 0.5539546592643323 0.4348994405675648 0.0829014936522416 0.13070971698543615
0 0.509706622775099 0.43362794526615006 0.0513684101771559 0.13325270758826568
0 0.48046223084255985 0.43032205748247165 0.039670653404140166 0.12664093202090895
0 0.45579522199511824 0.42650888991022656 0.0452652327303639 0.11697986922500055
0 0.4311282131476687 0.42676188739696813 0.035601868439613146 0.12053754230032183
0 0.4029010174562601 0.4239645809753979 0.03204168159565171 0.1230807451769477
0 0.38459148511588764 0.4206586931917196 0.03305887783678351 0.12155495081525004
0 0.36246746687127107 0.42116743655225153 0.03255027971621757 0.11850336209185464
0 0.3472095232542941 0.41786141470091226 0.029498690992822176 0.11901196021242065
0 0.3283913927933558 0.4145555157449287 0.025429906028294945 0.11748616585072291
0 0.31338774823666166 0.4127755228736939 0.025938504148860845 0.111891586524498
0 0.29736690743883715 0.4074351029539388 0.02542990602829507 0.10324511682264056
0 0.28261756194242593 0.405654987187348 0.023395513546031498 0.104770777116677
0 0.26354513242120453 0.40514642816984997 0.021869719184333718 0.10578807390855459
0 0.24828718880422732 0.3982804931960235 0.050351213936024306 0.09612463141166709
