0 0.5489299715262522 0.4304711525913693 0.07128206212759643 0.11210724316431091
0 0.6396525960522836 0.4291751150981402 0.06998602463436765 0.10173894321847891
0 0.09623078387225537 0.4039023839801741 0.05119348098254653 0.08229838082004322
0 0.12701167433644475 0.407142477713247 0.049249424742702844 0.09396271825910414
0 0.1393240305221205 0.4081145058331685 0.04406527476978703 0.095906774498948
0 0.15908860229386323 0.40519842147340357 0.0369370685570275 0.09655479324556229
0 0.17140095847953887 0.4048744121000963 0.02786480610442409 0.0972028119921768
0 0.1892214740114381 0.4087625245797833 0.024624712371351536 0.10109092447186359
0 0.20671798017002993 0.409734552699705 0.027216787357809552 0.10562705569816554
0 0.4795338724947402 0.4275550682316039 0.050545462235932065 0.11534733689738352
0 0.4477809539106287 0.426259030738375 0.04406527476978692 0.11664337439061248
0 0.4199161478062044 0.42528700261845304 0.03499301231718368 0.11469931815076911
0 0.3739068167965744 0.42593502136506695 0.07776224959374144 0.11340328065753996
0 0.3363217294929327 0.4197788432722291 0.08035432458020007 0.1088671494312383
0 0.3078089046418939 0.41945483389892224 0.06480187466145124 0.11081120567108182
0 0.2870723047502294 0.41491870267262 0.023328674878122565 0.10433101820493693
0 0.2630956111254926 0.41524271204592805 0.0181445249052064 0.11145922441769635
0 0.24333103935374992 0.4123266276861628 0.023976693624736995 0.10303498071170765
0 0.22356646758200696 0.4107065808196266 0.023328674878122513 0.10757111193800918
