0 0.6789709172259508 0.4966442953020133 0.14093959731543634 0.17002237136465317
0 0.5033557046979865 0.656599552572707 0.174496644295302 0.261744966442953
0 0.6241610738255033 0.4977628635346755 0.10290827740492174 0.18120805369127516
0 0.4861385932793089 0.44183445190156595 0.09619686800894854 0.14988814317673374
0 0.5899308304451738 0.48078948425661294 0.07841026834035617 0.15995694741432664
0 0.5620951851843474 0.4733405087642791 0.07292154955653074 0.16387746083134444
0 0.46016183634188446 0.42551024507666185 0.08860360322460252 0.11683129982713077
0 0.4284056776640402 0.41453280750901195 0.07997847370716336 0.10114924615905949
0 0.4103713159457582 0.41296460214220476 0.07527385760674185 0.1121266837267094
0 0.38371182471003723 0.3984587024992389 0.07527385760674185 0.09409232200842745
0 0.45749440715883677 0.6263982102908278 0.13199105145413875 0.23266219239373598
0 0.4328859060402684 0.5917225950783002 0.13199105145413867 0.20357941834451926
0 0.4156144515867989 0.5618837694458284 0.12223954458435259 0.16196739657426712
0 0.3851491476569297 0.5580890397818183 0.118703689988939 0.1881579766845915
