0 0.1180906219450662 0.573583368818535 0.1685894563756478 0.20674643715091534
0 0.06144902363675202 0.5548406445514181 0.12289804727350404 0.17146269684141102
0 0.21457603640540712 0.5647514129789115 0.0683868559656495 0.1754267168264706
0 0.2542205057558921 0.5553356898446499 0.06045794512905244 0.16650658327698908
0 0.29584744317427736 0.5508758299006976 0.044600123455858426 0.16155127526405935
0 0.3226077010515428 0.540964506295825 0.05054680658330618 0.16155107931910181
0 0.3803131991051454 0.5357941834451901 0.0357941834451902 0.15883668903803128
0 0.4183445190156599 0.5190156599552574 0.04026845637583889 0.16554809843400428
0 0.45973154362416097 0.5022371364653244 0.029082774049216963 0.1498881431767337
0 0.4944071588366893 0.5044742729306487 0.035794183445190204 0.1543624161073824
0 0.5257270693512305 0.49776286353467575 0.04026845637583895 0.15883668903803128
0 0.5682326621923938 0.4876957494407159 0.03131991051454144 0.1476510067114095
0 0.598434004474273 0.49217002237136465 0.03355704697986589 0.13422818791946312
