0 0.13199105145413875 0.402684563758389 0.10290827740492174 0.15659955257270677
0 0.3512756283967732 0.39022562432350133 0.11996771056074468 0.14035438032923755
0 0.28462690030747057 0.3721912626052192 0.10585386225948094 0.12310412129435909
0 0.39518537866737286 0.38826536761499253 0.06821693345610981 0.14427489374625535
0 0.5723925851165776 0.36983895455500887 0.03685282611996733 0.10742206762628793
0 0.5473012992476637 0.3721912626052195 0.029011799285931873 0.11996771056074493
0 0.5304430915544871 0.3706230572384125 0.02352308050210681 0.12624053202797347
0 0.5194656539868372 0.3729753652886231 0.02509128586891393 0.134081558862009
0 0.50025513824345 0.3733674166303249 0.03214821001954604 0.12232001861095569
0 0.4837889818919752 0.3784640840724481 0.02587538855231756 0.12780873739478057
0 0.4634023121234826 0.38277664883116763 0.035284620753160356 0.13172925081179837
0 0.4402712829630775 0.3823845974894659 0.04390975027059944 0.13251335349520196
