0 0.3665258786439972 0.4329511237891978 0.08394734348247129 0.13082702880385122
0 0.23024772363998547 0.44058272441825075 0.07958644252234287 0.13300747928391543
0 0.19808607905903877 0.42204889533770507 0.08503756872250333 0.12864657832378712
0 0.3229168690427135 0.42422970505019125 0.06214283868182936 0.12646612784372294
0 0.2793078594414298 0.42259431929248675 0.06650373964195776 0.13191725404388344
0 0.40686421252518484 0.43022568043325826 0.04469923484131591 0.13409770452394754
0 0.44229653282622633 0.41877818369436637 0.05887216296173294 0.11774391879338783
0 0.47009727644704535 0.4111463316026183 0.0272556310008023 0.11338280229380668
0 0.48699576766754155 0.4138720982677374 0.03488720768102679 0.11229231361666528
0 0.516976961768425 0.4144171510156835 0.029436081480866415 0.1133828501914627
0 0.5371461287090189 0.41114649924441515 0.030526306720898556 0.11120196863249224
0 0.5611310839897259 0.41114661898855603 0.030526306720898577 0.10248045409817301
0 0.5867513771304776 0.40842056493749884 0.02725563100080226 0.10575077058584757
