0 0.6080632049988812 0.4786528044443382 0.09582518893874933 0.12333935209938027
0 0.5758052206036587 0.4724858368393691 0.0901326034572395 0.11290294538327884
0 0.543072854084977 0.4667932513578593 0.085388782222648 0.10910788839560567
0 0.5136611624305092 0.46110066587634924 0.06451596879044502 0.10531283140793236
0 0.3613845008001206 0.4245732423699936 0.03510427713597778 0.08159372523497453
0 0.4923139668748473 0.4492411127898701 0.0559770905681804 0.09487642469183086
0 0.46859486070188966 0.453510551901003 0.035104277135977496 0.10910788839560574
0 0.4486708115166051 0.4482923485429523 0.038899334123650674 0.110056652642524
0 0.4306442908251572 0.4463948200491156 0.02941169165446766 0.1024665386671775
0 0.41498968075100506 0.44307414518490157 0.04554068385207884 0.10341530291409574
0 0.39791192430647543 0.4331121205922594 0.034155512889059096 0.09108136770415776
0 0.3855779890965374 0.43880470607376915 0.03795056987673234 0.10056901017334084
0 0.3087280850961542 0.4169831283946449 0.055028326321261506 0.08159372523497431
0 0.24753279116992338 0.40654672167854655 0.029411691654467623 0.08349125372881126
0 0.2688799867255854 0.410816160789679 0.034155512889059166 0.08444001797572959
0 0.3400373052444579 0.4188806568884838 0.036053041382896014 0.0910813677041574
