0 0.6767337807606265 0.523489932885906 0.11409395973154375 0.19686800894854584
0 0.4931254355391503 0.4145712273643445 0.07501062963130689 0.14168674485913604
0 0.45353649212262626 0.5944578299060914 0.14585400206087426 0.19586108848174544
0 0.6292558374626338 0.490970942729565 0.083345144034786 0.15557760219826697
0 0.6007795799174152 0.4791637139913037 0.084734229768699 0.15141034499652775
0 0.5792487510417621 0.4624946851843464 0.08334514403478586 0.1458540020608753
0 0.47437277813132306 0.3944294842226045 0.0819560583008728 0.11529411591478719
0 0.45214740638871365 0.37914954114956045 0.06806520096174182 0.1041814300434823
0 0.43756200618262603 0.3680368552782558 0.07501062963130735 0.10695960151130855
0 0.4174202630408861 0.3680368552782557 0.0763997153652204 0.11529411591478712
0 0.43825654904958256 0.5965414585069604 0.1430758305930491 0.24725726063653133
0 0.42367114884349505 0.5736215438973943 0.13057405898783123 0.22919914609566105
0 0.4076966629034945 0.549312543553915 0.13196314472174436 0.21947554595826943
0 0.39102763409653724 0.5256980860773923 0.13196314472174436 0.2083628600869646
0 0.3681077194869712 0.49791637139913036 0.113905030180874 0.18335931687652887
0 0.35282777641392715 0.4833309711930429 0.11668320164870029 0.18474840261044206
0 0.3368532904739264 0.46318922805130297 0.10695960151130855 0.16946845953739803
0 0.32643514746957825 0.44304748490956297 0.10279234430956923 0.1569666879321801
