0 0.17114093959731547 0.5805369127516778 0.16331096196868022 0.18120805369127507
0 0.25083903542149744 0.5763423151282818 0.0700282890650405 0.17449672029321556
0 0.2979072297111147 0.5700282890650405 0.053956222722244256 0.1733487155544445
0 0.33177336950486386 0.5654362701099559 0.04592018955084629 0.16875669659935988
0 0.3581774784966004 0.5631402606324136 0.04132817059576155 0.16646068712181755
0 0.3874515993352648 0.5637142630017992 0.03099612794682116 0.1630166729055041
0 0.4144297106963868 0.5562522321997867 0.03673615164067698 0.15498063973410595
0 0.4488698528595216 0.5508253007074139 0.04383290820762596 0.1429787720105893
0 0.4801790730078257 0.5471725583567786 0.03130922014830418 0.13984784999575886
0 0.5036609881190539 0.544041636341948 0.026091016790253507 0.13984784999575886
0 0.5271429032302822 0.5393452533197024 0.025047376118643355 0.1304550839512676
0 0.54853753699829 0.5377797923122872 0.02400373544703328 0.12732416193643728
0 0.5668012487514674 0.5346488702974568 0.025047376118643355 0.1294114432796576
0 0.5866304215120601 0.5336052296258466 0.02296009477542306 0.12314959924999648
0 0.6033286722578225 0.5309961279468213 0.020872813432202833 0.13254236529448782
0 0.6195051026677797 0.5262997449245757 0.019829172760592612 0.13149872462287773
0 0.6330724313987114 0.5247342839171604 0.019829172760592685 0.126280521264827
0 0.6487270414728638 0.5195160805591098 0.019829172760592685 0.12001867723516618
0 0.7805580474283491 0.5024339759087905 0.012117950561691515 0.09124103952332362
0 0.7709349690411236 0.5010083346662385 0.012830771182967311 0.0926666807658755
0 0.758460608168794 0.5031467965300664 0.012117950561691515 0.09409232200842738
0 0.7434913751219989 0.5052852583938943 0.01782051553189902 0.09551796325097939
0 0.7213939358624439 0.5088493615002742 0.013543591804243249 0.09836924573608315
0 0.7153349605815982 0.5088493615002742 0.025661542365934622 0.10122052822118704
0 0.698227265670975 0.5109878233641021 0.018533336153174956 0.10122052822118711
0 0.6861093151092832 0.5138391058492059 0.017107694910623073 0.10122052822118696
0 0.6704272614412125 0.5145519264704819 0.01568205366807106 0.1112000169190506
0 0.657596490258245 0.5166903883343097 0.02281025988083087 0.11832822313181027
0 0.08411283331056389 0.5619544977853332 0.1653743841360239 0.15753335730198825
