0 0.7175480769230769 0.4831730769230769 0.12620192307692307 0.25721153846153844
0 0.17908653846153846 0.4855769230769231 0.13341346153846154 0.25721153846153844
0 0.7668269230769231 0.4855769230769231 0.13221153846153846 0.2512019230769231
0 0.8197115384615384 0.48677884615384615 0.13822115384615385 0.24879807692307693
0 0.3389423076923077 0.4879807692307692 0.12980769230769232 0.24759615384615385
0 0.38461538461538464 0.4879807692307692 0.1310096153846154 0.24759615384615385
0 0.6069711538461539 0.4879807692307692 0.12980769230769232 0.2536057692307692
0 0.5540865384615384 0.4879807692307692 0.13341346153846154 0.25240384615384615
0 0.2283653846153846 0.4879807692307692 0.14182692307692307 0.25240384615384615
0 0.28125 0.4879807692307692 0.13701923076923078 0.24759615384615385
0 0.65625 0.4879807692307692 0.1346153846153846 0.25
0 0.5 0.4891826923076923 0.12860576923076922 0.2512019230769231
0 0.44591346153846156 0.49158653846153844 0.12740384615384615 0.25240384615384615