0 0.8990384615384616 0.5396634615384616 0.036057692307692304 0.07572115384615384
0 0.8737980769230769 0.5625 0.08533653846153846 0.09975961538461539
0 0.8882211538461539 0.5625 0.054086538461538464 0.11298076923076923
0 0.8497596153846154 0.5769230769230769 0.09615384615384616 0.11057692307692307
0 0.8305288461538461 0.5853365384615384 0.0889423076923077 0.12139423076923077
0 0.8052884615384616 0.5961538461538461 0.10697115384615384 0.12379807692307693
0 0.7776442307692307 0.6117788461538461 0.10216346153846154 0.12139423076923077
0 0.7463942307692307 0.6418269230769231 0.10697115384615384 0.1466346153846154
0 0.7235576923076923 0.6538461538461539 0.10697115384615384 0.15985576923076922
0 0.6995192307692307 0.6730769230769231 0.10697115384615384 0.17067307692307693
0 0.6730769230769231 0.6875 0.12860576923076922 0.1658653846153846
0 0.6538461538461539 0.703125 0.1201923076923077 0.1971153846153846
0 0.4963942307692308 0.7235576923076923 0.10216346153846154 0.2247596153846154
0 0.5757211538461539 0.7331730769230769 0.140625 0.27283653846153844
0 0.4651442307692308 0.7379807692307693 0.09134615384615384 0.23918269230769232
0 0.22716346153846154 0.7548076923076923 0.19471153846153846 0.2956730769230769
0 0.2860576923076923 0.7620192307692307 0.10817307692307693 0.2776442307692308
0 0.3329326923076923 0.7764423076923077 0.0985576923076923 0.3125
0 0.40384615384615385 0.7776442307692307 0.03245192307692308 0.296875
0 0.16346153846153846 0.796875 0.16947115384615385 0.36899038461538464