0 0.03365384615384615 0.35216346153846156 0.026442307692307692 0.5252403846153846
0 0.06610576923076923 0.35336538461538464 0.027644230769230768 0.5480769230769231
0 0.08774038461538461 0.3605769230769231 0.03365384615384615 0.5793269230769231
0 0.109375 0.36538461538461536 0.027644230769230768 0.6069711538461539
0 0.12980769230769232 0.3762019230769231 0.028846153846153848 0.6262019230769231
0 0.15625 0.38341346153846156 0.038461538461538464 0.6658653846153846
0 0.18269230769230768 0.39302884615384615 0.03125 0.6983173076923077
0 0.2091346153846154 0.39903846153846156 0.040865384615384616 0.7235576923076923
0 0.47836538461538464 0.40865384615384615 0.5240384615384616 0.8016826923076923
0 0.4735576923076923 0.43028846153846156 0.43149038461538464 0.8533653846153846
0 0.5264423076923077 0.44711538461538464 0.48677884615384615 0.8942307692307693
0 0.5444711538461539 0.46153846153846156 0.41947115384615385 0.921875
0 0.6105769230769231 0.4891826923076923 0.4543269230769231 0.9771634615384616
0 0.6935096153846154 0.5 0.5012019230769231 1