0 0.7379807692307693 0.47115384615384615 0.1310096153846154 0.2668269230769231
0 0.17908653846153846 0.4735576923076923 0.13822115384615385 0.26802884615384615
0 0.7896634615384616 0.47475961538461536 0.13701923076923078 0.2608173076923077
0 0.8449519230769231 0.47475961538461536 0.14302884615384615 0.25841346153846156
0 0.3449519230769231 0.47596153846153844 0.1346153846153846 0.25721153846153844
0 0.39302884615384615 0.47596153846153844 0.13581730769230768 0.25721153846153844
0 0.6237980769230769 0.47596153846153844 0.1346153846153846 0.26322115384615385
0 0.5685096153846154 0.47596153846153844 0.13942307692307693 0.2620192307692308
0 0.23076923076923078 0.47716346153846156 0.1466346153846154 0.2620192307692308
0 0.2848557692307692 0.47716346153846156 0.14182692307692307 0.25721153846153844
0 0.6754807692307693 0.47716346153846156 0.13942307692307693 0.25961538461538464
0 0.5132211538461539 0.47716346153846156 0.13341346153846154 0.2608173076923077
0 0.4567307692307692 0.4795673076923077 0.13221153846153846 0.2620192307692308