0 0.10096153846153846 0.5396634615384616 0.036057692307692304 0.07572115384615384
0 0.12620192307692307 0.5625 0.08533653846153846 0.09975961538461539
0 0.11177884615384616 0.5625 0.054086538461538464 0.11298076923076923
0 0.1502403846153846 0.5769230769230769 0.09615384615384616 0.11057692307692307
0 0.16947115384615385 0.5853365384615384 0.0889423076923077 0.12139423076923077
0 0.19471153846153846 0.5961538461538461 0.10697115384615384 0.12379807692307693
0 0.22235576923076922 0.6117788461538461 0.10216346153846154 0.12139423076923077
0 0.2536057692307692 0.6418269230769231 0.10697115384615384 0.1466346153846154
0 0.2764423076923077 0.6538461538461539 0.10697115384615384 0.15985576923076922
0 0.3004807692307692 0.6730769230769231 0.10697115384615384 0.17067307692307693
0 0.3269230769230769 0.6875 0.12860576923076922 0.1658653846153846
0 0.34615384615384615 0.703125 0.1201923076923077 0.1971153846153846
0 0.5036057692307693 0.7235576923076923 0.10216346153846154 0.2247596153846154
0 0.42427884615384615 0.7331730769230769 0.140625 0.27283653846153844
0 0.5348557692307693 0.7379807692307693 0.09134615384615384 0.23918269230769232
0 0.7728365384615384 0.7548076923076923 0.19471153846153846 0.2956730769230769
0 0.7139423076923077 0.7620192307692307 0.10817307692307693 0.2776442307692308
0 0.6670673076923077 0.7764423076923077 0.0985576923076923 0.3125
0 0.5961538461538461 0.7776442307692307 0.03245192307692308 0.296875
0 0.8365384615384616 0.796875 0.16947115384615385 0.36899038461538464