0 0.05889423076923077 0.5324519230769231 0.039663461538461536 0.08173076923076923
0 0.08533653846153846 0.5576923076923077 0.09134615384615384 0.10817307692307693
0 0.06971153846153846 0.5576923076923077 0.057692307692307696 0.12259615384615384
0 0.11177884615384616 0.5733173076923077 0.1045673076923077 0.11899038461538461
0 0.13341346153846154 0.5817307692307693 0.09615384615384616 0.1310096153846154
0 0.15985576923076922 0.59375 0.11538461538461539 0.1346153846153846
0 0.18990384615384615 0.6105769230769231 0.11057692307692307 0.1310096153846154
0 0.22235576923076922 0.6442307692307693 0.11658653846153846 0.15865384615384615
0 0.24759615384615385 0.6550480769230769 0.11658653846153846 0.17307692307692307
0 0.27403846153846156 0.6766826923076923 0.11538461538461539 0.18389423076923078
0 0.30288461538461536 0.6923076923076923 0.13822115384615385 0.17908653846153846
0 0.32211538461538464 0.7091346153846154 0.12980769230769232 0.2127403846153846
0 0.49278846153846156 0.7307692307692307 0.11057692307692307 0.24158653846153846
0 0.4074519230769231 0.7427884615384616 0.15144230769230768 0.29447115384615385
0 0.5276442307692307 0.7475961538461539 0.0985576923076923 0.25721153846153844
0 0.7836538461538461 0.765625 0.2091346153846154 0.31850961538461536
0 0.7199519230769231 0.7728365384615384 0.11658653846153846 0.3004807692307692
0 0.6694711538461539 0.7884615384615384 0.10697115384615384 0.33774038461538464
0 0.59375 0.7896634615384616 0.03485576923076923 0.32091346153846156
0 0.8533653846153846 0.8040865384615384 0.18269230769230768 0.3918269230769231