0 0.9086538461538461 0.49278846153846156 0.18269230769230768 0.18629807692307693
0 0.9206730769230769 0.5 0.15865384615384615 0.19230769230769232
0 0.9098557692307693 0.5012019230769231 0.18028846153846154 0.19471153846153846
0 0.8413461538461539 0.5048076923076923 0.2439903846153846 0.20552884615384615
0 0.8185096153846154 0.5108173076923077 0.23557692307692307 0.21394230769230768
0 0.8040865384615384 0.5132211538461539 0.2247596153846154 0.22956730769230768
0 0.7632211538461539 0.5216346153846154 0.2283653846153846 0.23677884615384615
0 0.7271634615384616 0.53125 0.24278846153846154 0.24158653846153846
0 0.6778846153846154 0.5348557692307693 0.2668269230769231 0.2644230769230769
0 0.8990384615384616 0.5384615384615384 0.1814903846153846 0.13942307692307693
0 0.6274038461538461 0.5396634615384616 0.3088942307692308 0.27884615384615385
0 0.5769230769230769 0.546875 0.31490384615384615 0.29927884615384615
0 0.5 0.5516826923076923 0.38221153846153844 0.3076923076923077
0 0.45913461538461536 0.5649038461538461 0.3737980769230769 0.34134615384615385
0 0.42908653846153844 0.5973557692307693 0.32572115384615385 0.41466346153846156
0 0.34375 0.6165865384615384 0.3425480769230769 0.4495192307692308
0 0.2439903846153846 0.6298076923076923 0.4519230769230769 0.5