0 0.9014423076923077 0.5372596153846154 0.1971153846153846 0.18269230769230768
0 0.9134615384615384 0.5444711538461539 0.17307692307692307 0.18870192307692307
0 0.9014423076923077 0.5456730769230769 0.1935096153846154 0.19110576923076922
0 0.8269230769230769 0.5492788461538461 0.2403846153846154 0.20192307692307693
0 0.8040865384615384 0.5552884615384616 0.23076923076923078 0.21033653846153846
0 0.7896634615384616 0.5576923076923077 0.21995192307692307 0.22596153846153846
0 0.75 0.5649038461538461 0.22355769230769232 0.23197115384615385
0 0.7139423076923077 0.5757211538461539 0.23798076923076922 0.23677884615384615
0 0.6658653846153846 0.578125 0.2620192307692308 0.25961538461538464
0 0.8834134615384616 0.5817307692307693 0.17908653846153846 0.13701923076923078
0 0.6165865384615384 0.5841346153846154 0.30288461538461536 0.27403846153846156
0 0.5661057692307693 0.5901442307692307 0.3088942307692308 0.29447115384615385
0 0.49158653846153844 0.5949519230769231 0.3762019230769231 0.3016826923076923
0 0.45072115384615385 0.6081730769230769 0.36658653846153844 0.33533653846153844
0 0.421875 0.6394230769230769 0.31971153846153844 0.4074519230769231
0 0.33774038461538464 0.6586538461538461 0.33653846153846156 0.4411057692307692
0 0.23918269230769232 0.671875 0.44350961538461536 0.49038461538461536