0 0.11778846153846154 0.49399038461538464 0.21875 0.16706730769230768
0 0.11899038461538461 0.5 0.17307692307692307 0.17307692307692307
0 0.13701923076923078 0.5 0.17668269230769232 0.17427884615384615
0 0.20432692307692307 0.5036057692307693 0.21995192307692307 0.18509615384615385
0 0.22596153846153846 0.5096153846153846 0.21153846153846154 0.19230769230769232
0 0.23918269230769232 0.5108173076923077 0.20192307692307693 0.20673076923076922
0 0.27524038461538464 0.5180288461538461 0.20552884615384615 0.2127403846153846
0 0.3088942307692308 0.5276442307692307 0.21875 0.21634615384615385
0 0.35216346153846156 0.53125 0.23918269230769232 0.23798076923076922
0 0.15384615384615385 0.5336538461538461 0.16346153846153846 0.125
0 0.39783653846153844 0.5360576923076923 0.2776442307692308 0.2512019230769231
0 0.44350961538461536 0.5420673076923077 0.2824519230769231 0.2692307692307692
0 0.5120192307692307 0.5456730769230769 0.34375 0.2764423076923077
0 0.5492788461538461 0.5576923076923077 0.33533653846153844 0.3076923076923077
0 0.5757211538461539 0.5865384615384616 0.2920673076923077 0.37259615384615385
0 0.6526442307692307 0.6033653846153846 0.3076923076923077 0.40384615384615385
0 0.7427884615384616 0.6165865384615384 0.40625 0.4495192307692308