0 0.7608173076923077 0.44591346153846156 0.0985576923076923 0.234375
0 0.8365384615384616 0.44711538461538464 0.0889423076923077 0.23076923076923078
0 0.8076923076923077 0.4483173076923077 0.08653846153846154 0.23317307692307693
0 0.7199519230769231 0.45072115384615385 0.11778846153846154 0.24879807692307693
0 0.6838942307692307 0.4543269230769231 0.13822115384615385 0.2608173076923077
0 0.6430288461538461 0.45913461538461536 0.14903846153846154 0.2644230769230769
0 0.59375 0.4651442307692308 0.16466346153846154 0.2776442307692308
0 0.5564903846153846 0.4675480769230769 0.16706730769230768 0.29086538461538464
0 0.5120192307692307 0.4735576923076923 0.17067307692307693 0.2956730769230769
0 0.4675480769230769 0.4795673076923077 0.18629807692307693 0.3112980769230769
0 0.41947115384615385 0.4831730769230769 0.1971153846153846 0.3269230769230769
0 0.36538461538461536 0.4855769230769231 0.19591346153846154 0.3485576923076923
0 0.29086538461538464 0.49278846153846156 0.22115384615384615 0.3557692307692308