0 0.7427884615384616 0.46634615384615385 0.09615384615384616 0.22956730769230768
0 0.8161057692307693 0.4675480769230769 0.08653846153846154 0.2247596153846154
0 0.7872596153846154 0.46875 0.08413461538461539 0.2283653846153846
0 0.7019230769230769 0.47115384615384615 0.11538461538461539 0.2439903846153846
0 0.6670673076923077 0.47475961538461536 0.13581730769230768 0.25600961538461536
0 0.6274038461538461 0.4795673076923077 0.14543269230769232 0.25841346153846156
0 0.578125 0.4855769230769231 0.16105769230769232 0.27163461538461536
0 0.5420673076923077 0.4879807692307692 0.16346153846153846 0.2848557692307692
0 0.4987980769230769 0.49399038461538464 0.16706730769230768 0.28966346153846156
0 0.4543269230769231 0.4987980769230769 0.18269230769230768 0.30528846153846156
0 0.4074519230769231 0.5036057692307693 0.1935096153846154 0.32091346153846156
0 0.3557692307692308 0.5060096153846154 0.19110576923076922 0.34134615384615385
0 0.2824519230769231 0.5120192307692307 0.21634615384615385 0.3473557692307692