0 0.7548076923076923 0.4699519230769231 0.13581730769230768 0.27524038461538464
0 0.1778846153846154 0.4735576923076923 0.14302884615384615 0.2764423076923077
0 0.8088942307692307 0.4735576923076923 0.14182692307692307 0.2692307692307692
0 0.8653846153846154 0.47475961538461536 0.14783653846153846 0.2668269230769231
0 0.34975961538461536 0.47475961538461536 0.13822115384615385 0.265625
0 0.39903846153846156 0.47475961538461536 0.140625 0.265625
0 0.6370192307692307 0.47475961538461536 0.13942307692307693 0.27283653846153844
0 0.5805288461538461 0.47596153846153844 0.14423076923076922 0.27163461538461536
0 0.23076923076923078 0.47596153846153844 0.15144230769230768 0.2704326923076923
0 0.28725961538461536 0.47596153846153844 0.1466346153846154 0.265625
0 0.6899038461538461 0.47596153846153844 0.14423076923076922 0.26802884615384615
0 0.5228365384615384 0.47716346153846156 0.13822115384615385 0.2692307692307692
0 0.4651442307692308 0.4795673076923077 0.13701923076923078 0.2704326923076923