0 0.10336538461538461 0.3786057692307692 0.02403846153846154 0.48677884615384615
0 0.13341346153846154 0.3798076923076923 0.025240384615384616 0.5084134615384616
0 0.15264423076923078 0.3870192307692308 0.03125 0.5372596153846154
0 0.17427884615384615 0.3918269230769231 0.025240384615384616 0.5625
0 0.19230769230769232 0.4014423076923077 0.026442307692307692 0.5805288461538461
0 0.21754807692307693 0.40865384615384615 0.036057692307692304 0.6165865384615384
0 0.24158653846153846 0.4170673076923077 0.028846153846153848 0.6466346153846154
0 0.265625 0.421875 0.038461538461538464 0.6694711538461539
0 0.5144230769230769 0.43149038461538464 0.4855769230769231 0.7427884615384616
0 0.5108173076923077 0.45072115384615385 0.39903846153846156 0.7908653846153846
0 0.5588942307692307 0.46153846153846156 0.4495192307692308 0.8401442307692307
0 0.5769230769230769 0.4675480769230769 0.3894230769230769 0.8810096153846154
0 0.6370192307692307 0.4891826923076923 0.4206730769230769 0.9387019230769231
0 0.7151442307692307 0.5 0.4639423076923077 1