0 0.09014423076923077 0.3737980769230769 0.02403846153846154 0.4951923076923077
0 0.12139423076923077 0.375 0.026442307692307692 0.5168269230769231
0 0.140625 0.38100961538461536 0.03125 0.5456730769230769
0 0.16105769230769232 0.3870192307692308 0.026442307692307692 0.5721153846153846
0 0.18028846153846154 0.39663461538461536 0.027644230769230768 0.5901442307692307
0 0.20552884615384615 0.40384615384615385 0.036057692307692304 0.6274038461538461
0 0.23076923076923078 0.41225961538461536 0.028846153846153848 0.6586538461538461
0 0.2548076923076923 0.4182692307692308 0.038461538461538464 0.6814903846153846
0 0.5084134615384616 0.42788461538461536 0.49278846153846156 0.7548076923076923
0 0.5048076923076923 0.44711538461538464 0.40625 0.8040865384615384
0 0.5528846153846154 0.4579326923076923 0.4567307692307692 0.8545673076923077
0 0.5709134615384616 0.4639423076923077 0.3954326923076923 0.8966346153846154
0 0.6322115384615384 0.4855769230769231 0.42788461538461536 0.9555288461538461
0 0.7103365384615384 0.5 0.47115384615384615 1