0 0.7427884615384616 0.46634615384615385 0.09495192307692307 0.2247596153846154
0 0.8149038461538461 0.4675480769230769 0.08533653846153846 0.22115384615384615
0 0.7872596153846154 0.46875 0.0829326923076923 0.22355769230769232
0 0.703125 0.47115384615384615 0.11298076923076923 0.23918269230769232
0 0.6682692307692307 0.47475961538461536 0.13221153846153846 0.25
0 0.6298076923076923 0.4807692307692308 0.14302884615384615 0.25240384615384615
0 0.5817307692307693 0.4855769230769231 0.15865384615384615 0.2668269230769231
0 0.5456730769230769 0.4879807692307692 0.15985576923076922 0.27884615384615385
0 0.5048076923076923 0.49399038461538464 0.16346153846153846 0.28365384615384615
0 0.46153846153846156 0.4987980769230769 0.17908653846153846 0.2980769230769231
0 0.41466346153846156 0.5036057692307693 0.18870192307692307 0.3137019230769231
0 0.3641826923076923 0.5060096153846154 0.1875 0.33413461538461536
0 0.2920673076923077 0.5120192307692307 0.21153846153846154 0.3401442307692308