0 0.5827740492170023 0.4161073825503355 0.11856823266219237 0.1431767337807606
0 0.5257270693512304 0.41051454138702453 0.09395973154362416 0.15436241610738258
0 0.4753914988814318 0.41163310961968685 0.05145413870246087 0.14765100671140938
0 0.4474272930648769 0.4049217002237137 0.0492170022371365 0.13422818791946306
0 0.4116331096196866 0.4015659955257271 0.04026845637583895 0.1275167785234899
0 0.38478747203579416 0.4026845637583893 0.04474272930648773 0.1431767337807606
0 0.1991051454138701 0.3847874720357942 0.03579418344519016 0.11633109619686792
0 0.22147651006711389 0.3926174496644299 0.035794183445190135 0.12751677852348964
0 0.35040889447591417 0.3978409982055981 0.028788408988127477 0.12991446047715602
0 0.33173561808392277 0.40189777686864603 0.02817829813347329 0.13045508395126781
0 0.3082537029726948 0.3977232141822062 0.03548378283474476 0.1241932399216071
0 0.2852936081972719 0.3961577531747908 0.027134657461863644 0.1273241619364375
0 0.26546443543667947 0.3940704718315706 0.027134657461863654 0.13149872462287773
0 0.2425043406612557 0.39511411250317674 0.03548378283474453 0.12941144327965717
