0 0.6028685247213326 0.44511281216175086 0.061944111988881334 0.09017180859140965
0 0.5424926180992584 0.4411922987447329 0.06664872808930276 0.09801283542544531
0 0.6275677592485449 0.44197640142813654 0.0627282146722849 0.09174001395821677
0 0.4899577383112198 0.4349194772775046 0.05096667442123163 0.08860360322460252
0 0.45285542497380576 0.4354897337745252 0.018533336153174994 0.08553847455311585
0 0.44430157751849414 0.4329948616000585 0.01710769491062308 0.08340001268928918
0 0.42612465167595714 0.42871793787240337 0.026374362987210853 0.08767693641694357
0 0.4214913176376635 0.421589731659644 0.05274872597442155 0.07912308896163205
0 0.3944041340291767 0.42052050072773 0.015682053668071277 0.07841026834035617
0 0.3869195175057791 0.41873844917454006 0.010692309319139497 0.0848256539318399
0 0.3780092597398294 0.41624357700007425 0.014256412425519258 0.08268719206801194
0 0.305657966680319 0.4005615233320027 0.014969233046795274 0.06985642088504451
0 0.3601887442079304 0.4098281914085905 0.01853333615317517 0.07128206212759651
0 0.3448631008504971 0.4059076779915727 0.016394874289347144 0.07484616523397633
0 0.33131950904625385 0.4030563955064688 0.01354359180424332 0.07484616523397633
0 0.3202707894164763 0.4012743439532789 0.015682053668071277 0.07555898585525228
