0 0.8221476510067114 0.32550335570469796 0.17673378076062632 0.2259507829977629
0 0.5906040268456375 0.44183445190156595 0.2684563758389262 0.35123042505592833
0 0.7807606263982103 0.31208053691275167 0.19239373601789708 0.23042505592841167
0 0.7058165548098433 0.3232662192393736 0.10961968680089491 0.23042505592841167
0 0.599552572706936 0.21364653243847884 0.07158836689038052 0.06935123042505578
0 0.5469798657718115 0.41722595078299773 0.2170022371364656 0.3154362416107379
0 0.427867055938492 0.38047650254963117 0.045773055867901175 0.27751210860667186
0 0.39880651420645064 0.3583146650628837 0.04583982921913225 0.2521190607052272
0 0.3735946081359279 0.36213465083114466 0.032087880453392614 0.25670304362714047
0 0.35525867644827436 0.3483827020654048 0.029031891838783692 0.22308716886644317
0 0.33601454483752485 0.33232268977236545 0.02984812320804969 0.2146768861502055
0 0.3216644856028846 0.3294526779254378 0.03558814690190567 0.20664085297880783
0 0.31133244295394524 0.3168246257989554 0.040180165856990475 0.19745681506863863
0 0.543803402555104 0.219244223003407 0.08036033171398045 0.055104227461015357
0 0.5202693054102955 0.21006018509323796 0.08380434593029434 0.04362418007330387
0 0.48525516087777526 0.20604216850753887 0.06658427484872703 0.04477218481207508
0 0.45368503056156845 0.20489416376876776 0.06543627010995579 0.035588146901905836
0 0.43589095711061554 0.20374615902999657 0.09643239805677709 0.028700118469278876
