0 0.548066370477516 0.47127490154000284 0.06718751843185793 0.08714902753117798
0 0.5300523256805687 0.46762340597305413 0.06816125058304422 0.08179350069965316
0 0.49937976291819874 0.4627547452171222 0.039923018198640324 0.07984603639728036
0 0.36892399796300795 0.43190204200678295 0.04381794680338565 0.06426632197829882
0 0.4830697493858275 0.4591032496501735 0.030672562762369893 0.07741170601931457
0 0.46749003496684594 0.45423458889424173 0.02093524125050642 0.07059558096101014
0 0.4545880839636268 0.45423458889424173 0.020448375174913238 0.07741170601931457
0 0.4443638963761702 0.4513133924406827 0.01947464302372694 0.07351677741456918
0 0.42196805689888417 0.4479053299115306 0.018500910872540573 0.07351677741456918
0 0.4348700079021033 0.4525305576296658 0.020935241250506494 0.07789857209490769
0 0.4083358067822753 0.44011547270203977 0.020448375174913238 0.07059558096101014
0 0.5864533262076599 0.4455075144892341 0.04771774406888682 0.06362365875851587
0 0.3478646058632252 0.43077981570254065 0.032400937330725695 0.06951473827319334
0 0.3322532451493301 0.42076498052758915 0.0200296703499032 0.05537614743796752
0 0.3923422561990393 0.43902732702308905 0.020029670349903217 0.08011868139961255
