0 0.40749485628806903 0.41612625334099435 0.07347251686224254 0.10091405930476682
0 0.4291825269281286 0.4097084732536298 0.06639082848997824 0.10135666482803331
0 0.4451163257657234 0.4083806566838302 0.06196477325731308 0.10666793110723162
0 0.45684537213228615 0.40506111525933136 0.061522167734046465 0.10091405930476689
0 0.4800821621037787 0.40373329868953184 0.05488308488504869 0.09914363721170076
0 0.5219083840524648 0.4001924545033997 0.040277102617253605 0.09029152674637039
0 0.6467231416136238 0.3849225639507046 0.02699893691925773 0.07214470029244296
0 0.6245928654502978 0.3875781970903037 0.02965457005885689 0.07922638866470734
0 0.6115360025139358 0.38779949985193723 0.0318675976751898 0.07966899418797395
0 0.5971513230077734 0.3917829495613357 0.030539781105390063 0.08409504942063904
0 0.5745784413211809 0.3948811882242013 0.03762146947765444 0.08763589360677117
0 0.5652837253325853 0.4006350600266667 0.038506680524187396 0.08852110465330375
0 0.5478008071635564 0.4004137572650329 0.05045702965238348 0.0951601875023021
