0 0.7281681335292219 0.41288619187386444 0.08797632107787962 0.10608909306450194
0 0.6906488201283615 0.41633624368084016 0.09056385993311125 0.10781411896798979
0 0.6561483020586047 0.4120236789221206 0.085388782222648 0.10091401535403847
0 0.6250978357958237 0.4137487048256084 0.06813852318776967 0.09918898945055055
0 0.5970661648641464 0.4120236789221206 0.04657569939417158 0.10436406716101417
0 0.5759345975464203 0.41202367892212055 0.06468847138079398 0.09918898945055055
0 0.5440216183318954 0.4120236789221206 0.050888264152891195 0.09401391174008708
0 0.5177149733037057 0.4068486012116571 0.05175077710463505 0.10091401535403839
0 0.4883895329444126 0.4085736271151449 0.06210093252556206 0.10091401535403847
0 0.4590640925851194 0.40943614006688916 0.06727601023602546 0.09573893764357502
0 0.4254260874671067 0.4098673965427607 0.043125647587195885 0.10522658011275808
0 0.3952381341560695 0.40555483178404117 0.05175077710463505 0.10350155420927017
0 0.36418766789328844 0.40555483178404117 0.04485067349068381 0.0983264764988067
0 0.31545568611975705 0.4090048835910167 0.07158857499474518 0.10005150240229448
0 0.2805239115741284 0.40555483178404134 0.060375906622074246 0.09660145059531879
0 0.2533547535941949 0.4059860882599132 0.05433831595986689 0.10091401535403847
0 0.2287731344694933 0.40167352350119356 0.05347580300812293 0.0991889894505507
0 0.20548528477240752 0.40124226702532156 0.056925854815098625 0.10522658011275794
0 0.17314104908201053 0.40426106235642534 0.052613290056379006 0.09746396354706277
