0 0.9429530201342282 0.46196868008948544 0.11409395973154361 0.17225950782997757
0 0.854586129753915 0.4608501118568233 0.13870246085011176 0.174496644295302
0 0.7729306487695751 0.46308724832214765 0.07382550335570472 0.17002237136465317
0 0.680089485458613 0.46532438478747196 0.06263982102908272 0.16554809843400442
0 0.6286353467561522 0.46532438478747196 0.0492170022371365 0.16554809843400442
0 0.5973154362416108 0.45525727069351235 0.044742729306487664 0.15883668903803133
0 0.5653175844448457 0.4575467649900024 0.03733502251025958 0.15212527964205813
0 0.513700253542876 0.45944187146120913 0.033557046979865716 0.13333469660656597
0 0.5388251653553384 0.45666891927220765 0.02775136630881079 0.14654668875354518
0 0.48673049526686923 0.4591032496501735 0.03456749136711532 0.13973056369524073
0 0.4567882316178886 0.4612941469903429 0.027264500233217744 0.13534876901490214
0 0.4295237313846709 0.45837295053678384 0.034080625291522185 0.1324275725613431
0 0.40128549900026683 0.4549648880076315 0.06037139337355349 0.12658517965422506
0 0.3635533781417959 0.45764265142339405 0.03262002706474263 0.12220338497388653
0 0.33969694043773047 0.457642651423394 0.03164629491355633 0.11636099206676853
0 0.3192485652628172 0.4569123523100043 0.028725098459997222 0.11879532244473424
0 0.3005042213524798 0.45423458889424184 0.02434330377965857 0.1144135277643958
0 0.2802992792153633 0.45423458889424173 0.028725098459997263 0.10857113485727765
0 0.25887717188926357 0.4537477228186486 0.028725098459997225 0.11051859915965032
0 0.2369681984875708 0.45277399066746227 0.030672562762369928 0.10954486700846403
0 0.2172501224260473 0.45277399066746227 0.031159428837963077 0.11149233131083669
0 0.20337443927164187 0.4518002585162759 0.027751366308810893 0.10954486700846403
0 0.1804917337187627 0.4520436915540725 0.03456749136711533 0.10224187587456633
0 0.16017893887015405 0.45033966028949635 0.022395839477285958 0.09980754549660048
0 0.14946788520710425 0.4476618968737339 0.01850091087254059 0.10126814372338004
0 0.13632250116608854 0.4479053299115305 0.024343303779658657 0.09980754549660048
0 0.12098621978490359 0.4479053299115306 0.021908973401692792 0.10272874195015952
0 0.10857113485727765 0.447661896873734 0.02531703593084499 0.09932067942100736
0 0.09128738917372001 0.44571443257136123 0.026777634157624554 0.098346947269821
0 0.07789857209490773 0.4476618968737339 0.021422107326099626 0.09347828651388923
0 0.06621378628067158 0.44571443257136123 0.01850091087254058 0.0895833579091439
0 0.05379870135304566 0.44547099953356467 0.020935241250506456 0.08714902753117805
0 0.041627049463216326 0.44303666915559875 0.018987776948133757 0.09104395613592338
0 0.028481665422200642 0.4440104013067851 0.02288270555287915 0.09007022398473716
0 0.0219089734016928 0.44206293700441235 0.041870482501012905 0.08422783107761894
