0 0.7667203593567882 0.405153619813694 0.08895530067162866 0.10898497102153186
0 0.7278392345599173 0.40574272776516174 0.08777708476869335 0.10780675511859641
0 0.6954382972291916 0.4025026340320892 0.07599492573933844 0.10603943126419317
0 0.6533170786992483 0.4001462022262182 0.04712863611741909 0.10486121536125764
0 0.6282799907618695 0.40456451186222625 0.04653952816595137 0.09602459608924165
0 0.6055993346303614 0.39955709427475045 0.054197931535031996 0.10603943126419317
0 0.5693691956150952 0.3977897704203472 0.031222721427790246 0.10014835174951585
0 0.5434484457505149 0.40073531017768604 0.03593558503953204 0.10603943126419324
0 0.5095747385411199 0.4010298641534199 0.045950420214483784 0.10191567560391902
0 0.4745228154287892 0.39985164825048436 0.03593558503953204 0.09955924379804798
0 0.450074835442878 0.3974952164446134 0.028277181670451484 0.09955924379804798
0 0.4256268554569668 0.3992625402990166 0.04300488045714495 0.09720281199217702
0 0.3988224436651847 0.39720066246887953 0.04477220431154819 0.10132656765245124
0 0.3537556853779026 0.3989679863232827 0.0807077893510803 0.09190084042896736
0 0.3213547480471769 0.3948442306630085 0.06303455080704805 0.09307905633190294
0 0.2765825437356287 0.39513878463874236 0.032400937330725695 0.10309389150685455
0 0.2515454557982498 0.39572789259021013 0.03181182937925797 0.09720281199217709
0 0.23210489339981435 0.3966115545174118 0.029455397573386968 0.09543548813777385
0 0.20765691341390305 0.3986734323475485 0.047717744068886805 0.0972028119921768
