0 0.12596401028277635 0.41131150574524783 0.20051413881748073 0.21593830334190223
0 0.2185089974293059 0.3676092544987146 0.12339331619537275 0.20051413881748076
0 0.36375321336760935 0.4190231362467864 0.16709511568123422 0.2570694087403598
0 0.4280205655526993 0.42930591259640105 0.08997429305912626 0.24164524421593817
0 0.5282776349614396 0.41902330565703866 0.13624678663239098 0.24678663239074544
0 0.6041131105398457 0.41645289392005497 0.0822622107969152 0.2622107969151671
0 0.9447300771208214 0.37017455569309754 0.0591259640102821 0.19022916013459054
0 0.9087403598971714 0.3727447133147021 0.04884318766066778 0.19537150830082559
0 0.8714652956298197 0.3766069943900891 0.06683804627249354 0.19280143538434585
0 0.8431876606683804 0.3766016579671518 0.05655526992287916 0.21336941629718653
0 0.7840616966580976 0.37275064267352187 0.07197943444730086 0.2210796915167096
0 0.7326478149100256 0.3753213367609255 0.07197943444730086 0.24164524421593828
0 0.686375321336761 0.39717257532435996 0.07197943444730086 0.26478081336156273
